1.1405248388394502
1.2848303403872443
0.8769064621591309
0.7807923736459647
0.2758438778939706
1.2943052166232147
0.020541080275561664
0.7793540972537552
0.7793540972537552
0.1450316691134958
0.9038892160421521
1.2757484303124302
0.9423610833730648
0.46490081710047404
1.2723520131127304
0.01065018917287305
0.5089468358593517
1.1586580613526891
1.3641581099111495
0.44799044485615946
1.005987840088139
0.40082763032136987
1.0780595459257143
0.029579056944756314
0.36617872210305485
1.1947699574873665
0.9052629823588366
1.0858440122902508
0.652555659692952
0.013745182444851196
1.1115908518416806
1.1530945919505236
1.1298833744411871
0.861190235341503
0.7052544977036304
0.04431257169049522
0.1111147977961829
0.4798774303031863
0.6389278213837288
0.07446260335242978
0.006286087923654501
1.295288860044412
0.7957845896306859
0.4355978887121211
0.31192970818110094
1.2530012610510386
0.7607919397183508
0.8403969706057983
0.24348231053609226
0.13262658213554854
1.2499382869360358
0.35599919070570446
1.1798462480027014
1.1557263708929424
0.6444506838306261
1.482478176038101
1.2003922141436398
0.06972606457316013
1.1389100955657459
0.03747465136176223
0.8635902537091277
0.3489143568237533
1.1749968316663657
0.40685591395761794
0.004094806137646898
1.0589950652569404
1.3207376015481558
0.002882750446603044
0.4191256924415794
0.30103661275819216
0.43128183754035815
0.06845894484884425
0.8514601210669859
0.008078291195248912
0.3358539418219486
0.9202902611764825
0.9006833309167258
0.012382160426076694
0.01059435719879479
0.9676517733565032
0.023444638865985766
1.0476986885318427
0.03443701406982144
0.0008697846487315512
0.6378742151562151
0.8418399419959927
1.1964431657437986
1.0809298262405502
0.26947379064849836
0.07481834515155794
0.28216361443624277
0.9234404708209099
0.6020732255163843
0.06333715460693293
0.6597589247839678
1.0757276502786235
0.24193306592894323
0.031339410797354667
0.0439319658007952
0.011833829845962384
0.5109198407305671
0.03905713312801842
0.9776844869273098
