0.9679348607487166
0.6240505781107385
0.8055303584173231
0.2366263868544533
0.3532968684438913
0.17147662904873956
0.5189706540176021
0.3929203696633375
1.0224546580788192
0.5000533289520754
1.1543133142800626
0.30031800291027105
0.005035327976269321
0.4525803544088286
0.8301908098542217
0.0008776862136188917
0.3155756655416647
0.0037472653770179005
0.802684456808759
0.8514601210669859
0.005888563565607406
0.33551585920199667
1.3025546167009106
0.12214594429629623
0.029763497279530652
0.037158314340223444
1.0892324486908094
0.03394059970384923
0.023705142348142128
0.0011897423279273406
0.0016364155496675365
0.3421030488342376
1.1586580613526891
0.9912094634598009
0.6654055786149231
0.8098473302481186
0.12899882828597126
0.006928865498650605
0.0352414199937219
0.035331574846307494
0.021030352855839655
0.0008448599712927664
0.06153431045850311
0.9305888888281043
0.0586427620899574
0.6116960506548956
0.8822704476335896
0.23320940338076682
0.8394189086182646
0.0015276839969994458
0.2594853270088013
0.146402375375746
0.14705195470187707
0.40487455055599253
0.32828275402816537
0.03156395649576184
0.6223430132254378
0.00531681714837338
0.002761062893936765
0.03824393721279856
0.945106533998025
0.34981834819358465
0.16652882984352477
1.1724682589350868
0.11096378940266223
1.1274581370227683
0.9499383990021283
0.0008315040244794784
0.0013804495377756822
1.1459800005344287
0.3834985070892248
1.311482781578876
0.0017636214773488472
1.0206221566738736
1.1757064280880027
0.9517963760774282
1.3449801367787573
0.05436341387920375
0.36631174571166136
0.9863228532200391
1.0415924286068357
0.47268594295154115
0.9946837870752417
0.3570702558197728
1.1868831167843865
0.033473886289339665
0.000874610243926858
0.012848082451729493
0.11203992800794416
0.41344200212133114
0.41823040878331325
0.6204203299900046
0.755953220709256
1.1019844502342862
1.0379413080352051
0.9110308835006007
0.01020398056620626
1.2628102418779314
0.07218910193744209
0.7205996552310564
0.019030995846899042
0.16987752107253956
0.003473271410987207
1.0149044204066078
0.841168579493668
0.15385645379978974
1.101931746713011
0.7277908743167324
0.01816680930167909
0.9154708578599822
1.2041464510327688
0.06845894484884425
0.05294168292660214
0.38559382859558444
0.8803126269332361
0.20899725031284766
0.530991571643867
1.1716461019411633
0.6463152180476934
1.4696889664749073
0.1922920291359929
0.08741446654192572
0.023432876393885298
0.2813338136905716
1.1902229708300767
0.01005782987773082
1.1802437692060779
1.0092571913539852
1.0074364720000033
1.1868831167843865
1.2161295031585269
1.083970779503569
0.5249809095728124
0.2775827586809415
0.36072388712504205
0.025377396281568498
0.9202902611764825
0.00638429781170566
0.7725980099584374
0.3920911181385848
0.2986200349110763
1.0353093197235697
0.22110535423072056
0.4712870244900905
1.1301089514929052
1.211363516620245
1.0887108697147965
0.05053311296903592
0.05321625756668662
1.1459800005344287
0.026436314360396552
1.1811833018369116
0.7981201575285353
0.6248500260312654
0.0016844920869471518
0.011931075160930714
0.8581934925210404
0.22863273216344687
0.6842644335851009
0.461021157558955
0.7209698661770999
0.9052629823588366
0.6243638293476298
0.20270068462097382
0.4390827817411471
0.9932528042722057
0.036415939259599184
0.9098848400113143
0.002840626106521343
0.39903961034394736
0.9452028382999086
0.04012385036225896
0.003482495965095823
0.935222708880415
0.0014154268101185398
1.2169373238928478
0.2920569995773895
1.2932057852785726
0.060701831927617286
1.141624235065758
0.23487187418246258
0.43424521792490745
0.2038402513294375
0.7588616885583638
0.24294520553730375
1.2757484303124302
0.9822736247662278
1.2263126701696079
0.33790225104466437
0.9842726190037155
1.2041464510327688
0.046480611738479935
1.0355906656651148
0.0008509393131337942
1.2549621620624234
0.36617872210305485
0.8362677696246585
0.018400654161060664
0.0030260410344882427
0.01025532388837785
1.1919856491270338
0.6107097853361565
0.978070840415222
0.561754182727767
0.026782693472366326
0.19354700209837203
0.9953714185236032
