0.9274798646353939
0.8036715222355014
0.0185605447804512
1.2041464510327688
0.9226144969536627
0.33663308192111674
1.0985936565314256
0.025824923158676648
0.7659026135576946
0.5882078188075082
1.2098572763409308
1.0073491880625762
1.123508365455534
1.295288860044412
0.36661173377442013
0.6183402682695087
0.26947379064849836
1.2695188941163853
0.2611377379076062
0.8887606616380638
1.3969659597415613
1.082813565309558
0.17968811161158843
1.1118389792637462
1.1919856491270338
0.7467358326824195
0.8160824750969841
0.32061634181018106
0.03139591930199735
0.9037426203179016
1.0087550295305843
0.0011260689374516834
0.583399423867153
0.6603688007740778
0.0008315040244794784
0.09991685425574913
0.9378530978276458
0.6653760609336042
0.06992488889603274
0.16577287499306698
0.08918277285688612
0.9822736247662278
0.8564766776967015
0.0036885373675837364
0.28916700831676784
1.0332804407924119
1.105085401939097
0.39178874715162365
0.3756799083258467
1.136913793982999
0.048001452322739065
1.1544957535522065
0.4044229759523775
1.1274581370227683
0.09361125883516687
1.1595836257325225
1.0892324486908094
0.0030364976471064687
0.001018819269361018
0.14324750006680362
1.0125624341139372
0.0012076958364638844
0.3203377810621722
1.1065432696813875
0.7711876571911689
0.07603907892131975
0.4683392535045501
0.8707128178239824
0.717269836213835
1.2197029789130265
0.010846458456679031
0.04628209133024114
0.7299091778538997
1.0016551249333867
1.2193251285966287
1.167976191974964
0.013745182444851196
1.0823483248002468
0.4540848681758257
0.9965664195065727
1.0786201320774067
0.935222708880415
0.6248500260312654
0.020242718588839834
1.0823483248002468
0.003888320800187571
0.7982916725235227
0.8917293866428071
1.1345749107244396
0.46638389200527386
0.01816680930167909
0.9870026522833494
0.005658665473328282
0.1922920291359929
0.8697199704177387
0.05265177091618253
0.03935571243478918
0.561754182727767
0.40362511909095167
0.002278904789289144
0.06525032359325846
0.3570702558197728
0.0015715216541248502
0.9324038499888552
0.9694261245905773
1.108772104667137
0.9202832443406357
0.03139430895581941
0.002325057267850958
0.005974697004077563
0.04106425306136307
0.3241127919587761
0.032539454294884466
1.0793149156363826
0.0472975041711196
0.8301908098542217
0.40124098029645056
0.3864827334344844
0.7053874761241803
0.42968278023765155
0.1822977760816703
0.04283600855176166
0.14534485081649695
0.012593323342029597
0.33033411293476106
0.023750091249663655
0.07463120894416926
0.014755901424687426
0.017806513385882863
0.003484397561196801
1.0985936565314256
0.19354700209837203
0.0008424501064546053
0.963323901413782
1.1811833018369116
0.9878041032200316
1.1338146902343715
0.6072476330600669
0.3930456713957122
0.9984353134702896
0.001637305064369362
0.9706579280577393
1.1135048690319185
1.1586580613526891
0.001828470373808048
0.019030995846899042
0.4990578158639533
0.011833829845962384
1.1202679684145265
1.10038689763586
0.5521035821038021
0.23487187418246258
0.6242058860779907
0.0008776862136188917
0.6804126491352309
1.0379413080352051
0.002409955406540791
0.09132039224941654
0.08901750445578537
0.20025107140406248
0.11335499472660154
0.0025652393647937533
1.0500440612888504
0.4510451830810065
0.0013804495377756822
0.3852884562263417
0.006330706673072931
0.3856946037868454
0.05294168292660214
0.033923712359790054
1.189333953341209
0.4454797834417906
0.4939020516100162
1.0598057549470903
0.8868947838272773
0.07218910193744209
0.9300317453797847
0.6626453591022013
0.985632591293172
1.0823483248002468
1.2041464510327688
0.5109198407305671
0.9947251556712249
0.8013535912768487
0.3331749561896978
0.2813338136905716
0.046085728503286516
0.6355756975363597
0.8832378275110249
1.1907593414534388
0.9540077336807623
0.11018584967379787
0.03636844032066578
0.49902287911457294
1.0254832068197657
0.015257737595238161
0.001282354507922521
0.8306409293706352
0.9970473094691524
0.978070840415222
1.3418848411748119
1.2271264045493149
0.021030352855839655
0.7883454553324866
0.48112439820862485
0.0024659776963649282
1.1308188730229711
0.0460047573015916
0.8253436609941323
0.0013199306681432206
0.6020732255163843
0.20899725031284766
0.1166428569635293
1.0373184546775618
0.9270074681408215
1.1475578363760361
0.4121892734267504
0.005041297700094452
0.36780216234267293
1.0573924030160704
0.4059626390378166
1.2322917554076236
0.04840060417213593
1.0355906656651148
1.1459800005344287
0.33790225104466437
0.02479711113602457
0.9147559924528964
0.3188692461991189
0.01615868791891422
0.0008354886595961501
0.9098848400113143
0.878098609256546
0.14158848713147187
0.41772166243906367
0.007873680388714943
0.12899882828597126
0.21286503026674647
0.0064137296871728
0.12475571977864326
0.24648108898431992
0.7255977395784445
1.2289471428920382
0.8689968584587932
1.03003607554051
0.001208718381596611
0.0324413095223048
1.0072591189682538
0.12468897965065136
0.00193249120901815
0.5140055587068139
0.1000728042755856
0.97437556982336
0.1601523493136626
1.0981033682790953
1.1000551600680728
0.3586095631514403
1.1055949005973338
0.954771803766787
0.03328665860169765
0.9642057020809371
1.1536558119955522
1.3025546167009106
0.28065834596664263
0.89883977137066
0.8216180985003149
0.003142830314565502
0.40432627551239614
0.9939711385089293
1.2289471428920382
0.07016886644809807
1.2191434302042745
1.1391919577770389
0.8264502417495405
0.9315085178951086
1.0615651147505873
1.0274291182453834
0.2579241677671849
0.0468607828670544
1.0913537922436312
0.4627009180943063
0.8830964174423163
0.36631174571166136
0.055366374575594575
1.0534733852352458
1.0402280647330753
0.03386260721820821
0.742592611750642
0.1278984660631353
0.5016847072882731
0.036415939259599184
0.3188984226119566
0.2914353661750128
0.005888563565607406
1.0920090908848636
0.8759660533004698
0.00841939256817933
0.5947535432358382
0.034288411195395774
0.33066170258885325
0.9494433757914621
0.1562422858670045
0.9948154830848889
1.0687169953230191
0.2892991253493539
1.0795850222255834
0.7299091778538997
1.0836034309826623
1.1042071642076043
0.6862945802116356
0.18630042449163914
0.349522653002836
1.0113363348638853
0.7905167115409083
0.09769407424531706
0.7440991967310879
1.0012323888584644
0.9068399578128121
0.13802589552595057
0.9445315330017668
0.387333145022929
0.9754155429822742
0.3466000737583535
0.9352525287170692
0.0017348016870354966
0.16050474646362758
0.02985861105065233
0.9986221878645676
0.00661307173526034
0.16414137701408266
0.0022461020099367214
0.7179935886518026
0.057612907081524764
0.5230010930009954
0.03851741961449366
0.294528442543918
1.0769817975758262
0.9101428263803909
1.0686147728243551
0.8796916764704765
0.2402202815624742
0.9318817913707294
1.0769817975758262
0.38559382859558444
0.8407483028542659
0.40003298449437225
0.00688833425678203
0.2876435183631738
0.0175765638455156
0.36583394891185594
0.3163163132992325
0.14490867466579888
1.0014246457045575
0.8800332060016249
0.9150400956824999
0.9766596956881776
0.9557318923675255
0.8059240921354113
0.5083256256231184
0.049533997573452455
0.004790283203775726
0.11641274070085782
0.9285238460796446
0.9285238460796446
0.2038402513294375
0.9507262282729044
1.4886255125184185
0.7793540972537552
0.14262589715812268
0.8425644005963966
0.0592680690928131
0.0020652195371407634
0.03641914508461541
0.06862822571785043
0.045365861516971834
0.972317819412672
0.5324034653141351
0.806118516739804
0.06311666846082664
0.049315804072279354
0.004740063056607927
1.1334406633236547
0.030053709167370515
1.1736269186869945
0.016691805979936785
0.774666290045858
0.24321748720704828
1.1919344244952328
0.16898883850563126
0.890145986435367
0.36823760424112334
0.4191256924415794
1.108772104667137
0.8153610053177501
0.14835041488156003
0.9052629823588366
0.8767666734966224
0.0009180547830986341
0.8749223373418493
0.05247626560594023
1.4696889664749073
0.9842726190037155
0.08990423374926168
1.0823483248002468
0.025377396281568498
0.36418309652562264
0.6020732255163843
0.40362511909095167
0.09409310813551817
0.42058428974683393
0.0038177426389270725
0.12315412588353902
0.049521055214315546
1.3396506857461177
0.8055303584173231
0.9453718859030823
1.1788652875089023
1.1320752563611112
0.3925613020075254
0.007357676018265293
0.9425740489801812
1.049523788140657
0.10317997210105206
1.0251733401388912
0.6600576158315845
0.8551799100227189
0.9670643965150012
0.8362677696246585
1.1019844502342862
1.225739044132902
0.403378995142931
0.05981080173630315
1.1459800005344287
1.321911749982063
0.9086274947557601
0.04304098386076243
0.9285238460796446
0.5911904487353421
0.05942038926705656
1.2343271884706977
0.8514601210669859
0.059560962023713186
0.0921070161626737
1.095832932992605
0.23893297309188158
0.0010011458399793863
0.010723352815806811
1.0074364720000033
0.48007904381064026
0.0022615996284805185
0.1701315801304098
0.6223430132254378
0.006928865498650605
0.004065038035504621
0.024236595464064474
0.5119936656848886
0.9426210908172253
1.29004900176337
0.9553497277212072
0.5805043836256492
0.2454215545314833
0.37821509957574484
0.0810109573327686
0.7050076740959713
1.0927859701194151
0.14119059212540738
0.0008448599712927664
0.03739320306684261
1.1148888347663966
0.49703345485756467
0.37180262641895717
0.1907977239705683
1.0699355287862673
0.8535265090274223
1.166499643670861
0.7081799317420681
0.42412071865069556
0.2140679719919746
0.3269001324205127
0.29104978694709893
0.445329740150554
1.1069974252845776
0.7653358400721543
0.8514601210669859
0.006230964732796552
0.36661173377442013
0.7110997561342388
0.5390297729628571
0.5420492583743088
0.9852330070683121
1.0476986885318427
0.8787141716583288
0.5871080188686568
0.200518029449971
0.09585309769626926
1.1565293403576855
0.6463152180476934
1.2808059070167495
1.0864131645856403
0.8014635791087339
0.09737322038529346
1.1094378620583598
0.2160968378723484
0.34252610900927966
0.0028467293786145413
0.9982816873882855
0.0537038328190416
0.036558327147141
1.0249949960549027
0.2354456325844894
0.8990304382359654
0.004302644818340886
0.034981788625055646
0.37602666261091533
0.009723085119266988
1.1115908518416806
0.24356772266661503
0.7653358400721543
0.3597572999659644
1.1240707684772535
0.08827292823860276
1.1301379351424066
0.9894357047646415
0.07711625846326021
0.052592608598176015
0.00311765615221755
0.1116703329744779
0.05543092398920484
0.40082763032136987
1.2041464510327688
0.9912094634598009
1.1766439799438428
0.3600549151581467
1.3691930426351997
0.3028102333637311
1.3116546033953365
0.3321258376936697
0.8758931955225681
1.0489761428076698
0.9452028382999086
1.0639570157583815
0.7898096316954966
0.2440720276149378
0.12794856451302636
0.8800332060016249
0.3056475412442375
1.005987840088139
1.0118222479748378
0.04012385036225896
0.023432876393885298
1.3163853414734008
1.259154109018823
0.26927867100025304
0.8345236650735361
0.3604199729723244
0.28135233984580593
0.6355756975363597
0.4741287777108565
0.061037380841237984
0.4344984292293965
1.4400070417945385
0.43192234706166055
0.371007142535127
0.17397354738761298
0.29852007661670377
1.1475578363760361
0.7126441978567509
0.03842344982828871
0.9797889095406904
1.1321945362499317
1.1672397070154286
0.6647426689329042
0.5104762926353748
0.5592068222500275
1.060295847344812
0.02628274675157934
0.10011817938860798
1.115617033170561
0.037965474948120775
0.22378354560907232
0.054873707603187334
0.009894790428137568
1.3303878209439175
0.35554987806711935
0.7501312065109419
1.1885007936079834
0.24378189102959963
0.26406900241115466
0.041775614690484505
0.012891427773649648
0.9837365198625092
0.026330137518637393
0.46568388596177085
0.1514051166818656
0.8334929298433262
0.5579682231682074
1.062600183177336
0.9200938099945957
1.1546093925823526
0.3627988697892226
1.1356638484807655
0.060701831927617286
0.03394059970384923
0.0525248106628624
1.1992470299936038
0.6758045020893289
0.9801122325260487
0.029045970935113418
0.0010119430856142366
0.5409960128903339
0.267441983790445
1.1267136187620594
0.4744703587214724
0.8739392282715921
0.007059549643782648
1.0789588673093815
1.248101156221477
0.003187425542351583
0.7038792523233669
0.8055303584173231
0.7332605694073897
0.9885568681984216
0.918706452549498
0.9557318923675255
0.37866575654769824
0.005593670027630642
0.07097431678964936
0.056367792002381775
0.046914993206950986
0.5382964688506973
0.45628618108376734
1.0828338303267728
0.14705195470187707
1.1459800005344287
0.003663537418980961
0.9653686399435463
0.04092774147484214
0.6189998078128108
1.311482781578876
0.000874610243926858
1.1623067491936758
1.1184136445000539
0.4033675316642818
0.3459632898110534
1.0069177673797065
0.7099138506331735
0.38318470105517277
0.5634591268376345
0.3526834705274001
1.0950106235671577
0.20246941083967018
0.04557485468963372
1.1431952812943704
0.3701351021218237
0.012231404348625996
0.8596968150515909
0.06223270934748394
0.9101428263803909
0.7994622772423704
0.14226136994124733
0.4960350142389712
0.7030478879577206
0.038328460615568265
0.2606165967620955
1.0944377258239717
1.1788652875089023
0.7052544977036304
0.8837448860387085
0.39534192612948593
0.7345312964359462
0.001468464257980259
0.7685360643762654
1.0920976544696208
0.03743542300482845
0.05053311296903592
0.03587935751457082
0.9423610833730648
0.6626453591022013
0.0031690001132688712
0.0140459972361114
0.06850494140287229
0.9627451575432722
0.9803717831824244
0.3113043985756435
0.0008505123861085096
1.2549621620624234
0.1692540037452516
0.007997882861316053
1.0362297196689785
0.001811903914724676
0.013052661927046074
1.0101614325878607
0.2105838738524415
0.0040932680661763185
0.8514601210669859
0.9592999365165821
0.8110348800359529
1.3969659597415613
0.4785563995864871
1.1586580613526891
0.056667401799726264
0.33579877365102623
1.0894249902986153
1.0709104650554422
0.3244926862197633
0.0030846342808342354
1.113862280318458
0.34458358124429567
0.4109867723898977
0.7273581710049786
0.009128116163176117
1.0955435736961021
0.18692233463695068
0.5261575878840151
1.0390865781506335
0.7307951004158725
1.2695188941163853
0.6703288197003546
0.037158314340223444
0.07444485041005465
0.07630973181751223
1.118548541830717
1.123508365455534
0.6116960506548956
0.8764100095206733
0.001861655145025721
1.1148888347663966
0.6758045020893289
0.9950982402157934
0.0008509393131337942
0.004432118182194192
0.23150975125987394
0.03520335810425283
0.052393762059819576
1.0334416018297305
0.36617872210305485
0.015317321684674028
0.9649070419767594
1.0829374130046376
1.2775474417118353
0.9768499424801292
0.379936933223328
0.8514601210669859
1.1767728498186931
0.5375459047033108
0.37498683890032397
0.7378957269619324
0.0049789863191351804
0.002716007477090492
0.009811006519079356
1.0608288135307293
0.8098473302481186
0.001599023510849115
0.0037583610088456625
0.009083404650839547
0.6507863365447877
0.044525168048183086
0.0371742350696676
1.2275560222362611
1.1121041206834759
0.01396011722784605
0.15579478709349245
0.011478260773969498
0.9598573147863461
0.21047938839950803
1.1001558146902328
0.44231861564616026
0.7900576674412171
0.9492591245521633
0.0038079993998828966
0.20355560700285658
0.019521420773492264
0.0950756604975717
0.3157894472745204
1.1470774993390167
0.0009453891099221762
0.041546416808306494
0.3151365219444422
0.09567208611518539
0.036224406588169736
0.6717078836438972
0.03917700352254653
0.0029074719056681234
0.2909586145967789
0.014442175271232654
0.08741446654192572
0.2224943901940103
1.1579122025121946
1.035817520601775
0.01059435719879479
1.0254832068197657
0.002050082475906971
0.03772251999867169
0.053427446109296894
0.8435215704922118
0.006467128386481868
1.1586580613526891
0.6832099384255543
1.0790658190632707
0.891054059509138
0.2961091274070126
0.3732866623235099
1.0677262936034344
0.4890354202076113
0.36371084936426795
0.00205463176037443
0.9625716689128486
0.7931407794556806
1.1143835498401833
0.06137201945744208
1.0589950652569404
0.2986477725423403
0.795343435280239
1.1964431657437986
0.16001131881714684
0.12949226840700467
1.1467420189351976
0.8581173545355156
0.8399660172343316
1.1602533529079668
0.15005734748344
0.2758438778939706
0.05485651822488394
0.9534808488164986
0.12941366496544635
1.0689066513614074
1.049523788140657
0.7102155565685392
0.11698332996464987
1.1009873299604525
0.04207808524001785
0.15860199974808467
1.1541149042971595
0.03793127999632734
0.0022107094879561828
0.7613970401097749
0.27605179105190103
1.1529155706533183
0.7255977395784445
0.7185262986720821
0.386083516641022
0.6533993236972667
0.755953220709256
0.09724938026785844
0.24804965686593455
0.031269237864320544
1.1389100955657459
0.9827578356702973
1.0748570980213474
0.04302123845769375
0.7440991967310879
0.03251920653846809
0.11918510610206229
0.7711876571911689
0.07661368192410263
0.06625347180290858
0.9846533857859658
0.001047629181460231
0.3382776734648768
0.20127862355861845
0.011340427734486423
1.1784665968930703
1.05272810242488
0.9863228532200391
0.00350085714143272
0.9668063585322066
0.0011655203153629109
0.3555220304890283
1.0490517633982899
0.9460647726192498
0.08131474911363193
0.14120918786345307
0.6796236048918957
1.060749402968975
1.0761967585771088
0.7147377366310467
1.1078463978945325
0.9612681687965466
1.1772346134518095
0.06921256906611657
0.9650889788730675
0.7925439611752396
0.766027912249739
0.26730928703499773
1.0626620541974867
0.25929797896711304
0.8963194240635527
0.012891427773649648
0.27883525098404366
1.0111134398626784
0.6742127739296515
0.15547061872117737
0.002515019091014228
1.1766439799438428
0.4314986248045781
0.2413719386664171
0.9491038548487819
0.3123427323758763
1.1938436153366583
0.007038120190392775
0.17938073555125825
0.008404396061063323
1.0286397901381295
0.41252568875678886
0.6698253428730587
0.569220240090506
0.05152265921063303
0.40134222840437944
0.4436453851564082
0.21696494440998892
0.03679023920131648
0.6235481470358542
0.978070840415222
1.224576469371361
0.7127197788638429
1.052821507594464
1.4020354876579522
1.137394605264508
1.3064553928440275
0.26819307045381907
0.0748232720256456
0.04003600596096613
0.8749223373418493
0.46695125711137864
0.4481597120317766
0.04889646120323744
1.3516090041786577
0.0008629603332642553
0.003482495965095823
0.03607799229850647
1.0092571913539852
0.1629662212536211
0.06765685222237738
0.044541867788758
0.6996366963871693
0.000842049617523776
0.33816959719779216
0.2806192466446325
0.06843047949369505
0.012848082451729493
0.0356504442944174
0.11135419903793986
1.1106035146326334
0.22154979033348435
0.22050111660273303
0.06085665577745872
0.008598977687151317
0.9965664195065727
0.32094319274106653
0.025168514296924318
0.9463146509843133
0.820313835612181
0.02905924170037417
1.1757064280880027
0.1430649199765774
0.32828275402816537
1.1336017312128917
0.007060317934774444
0.06589998132509206
0.06567284960242384
1.1061092343288994
1.0302945638787995
1.0698939987157643
0.6389278213837288
1.2426894990086488
0.01810403220863576
0.00709928214330575
0.9238034675977467
0.7957845896306859
0.025200215244864776
0.27340695849350677
0.5033022200433043
1.1288007617501459
0.7646327329956161
0.3416149142234305
0.466691425673108
0.9539230951608356
0.8711136553970734
1.2209557090801955
0.7498520446043291
0.8918394151787492
0.0016364155496675365
0.0030679824950268306
0.534979630489455
0.0062376891166143755
0.744750383571438
1.0962978905913663
0.864293889508278
0.04541135409824178
1.3137664845823485
0.03707685968072597
1.0396852699424004
0.012495780845270562
0.22739128483639548
1.02358851610421
0.8990304382359654
0.49957731276051454
0.1115094487084574
1.0202204090662674
0.20675496312489736
0.048000753614326166
0.6159127362650006
1.1186516639801412
0.003473271410987207
0.6829391129132382
0.17881105841575676
0.02379722015155184
1.078737518337559
0.26021641289701714
1.0780595459257143
0.7525862658482917
0.0328859889645275
0.0010555955334380375
0.46490081710047404
0.0024289061571203686
0.049564358440265056
1.044550951630425
0.006831759324594978
0.004094806137646898
1.069959260978909
0.15431592602297442
0.02077320840415325
0.009918116360284257
0.5487450274652464
0.06258904035653488
0.002224603545665982
1.0357098301011778
0.004548125144045767
0.5934415583921931
0.0023991622900822514
0.8025398114413093
0.9481471384662296
0.18219065497434112
0.10054553118586432
1.2757484303124302
0.030278800553738612
0.6147104289510332
0.07884564421987912
0.23030966596882405
